0.21349
0.32332
0.43656
0.54826
0.6831
0.82019
0.9323
1.0651
1.1785
1.2947
1.4029
1.5154
1.627
1.7624
1.8755
2.0111
2.123
2.2595
2.374
2.486
2.6008
2.7087
2.8395
2.9521
3.0654
3.2002
3.3123
3.4245
3.5402
3.6539
3.7658
3.9022
4.0157
4.1271
4.2663
4.3891
4.5001
4.6144
4.7216
4.8591
4.993
5.1261
5.2606
5.381
5.5158
5.6351
5.7653
5.8779
5.9894
6.1046
6.2135
6.3247
6.457
6.5675
6.6773
6.8131
6.9387
7.0649
7.1638
7.2823
7.3838
7.4955
7.6087
7.766
7.8893
8.012
8.1276
8.2419
8.3524
8.464
8.5771
8.7244
8.8426
8.9599
9.071
9.1831
9.2963
9.4085
9.5218
9.6614
9.7846
9.8927
10.007
10.117
10.253
10.365
10.504
10.603
10.712
10.846
10.996
11.102
11.216
11.327
11.441
11.571
11.684
11.8
11.912
12.021
12.134
12.219
12.335
12.449
12.564
12.7
12.812
12.922
13.037
13.151
13.262
13.376
13.49
13.601
13.737
13.837
13.949
14.061
14.191
14.334
14.447
14.563
14.701
14.808
14.926
15.042
15.15
15.262
15.376
15.487
15.602
15.712
15.827
15.939
16.049
16.182
16.307
16.44
16.552
16.666
16.78
16.91
17.045
17.154
17.271
17.391
17.526
17.637
17.748
17.861
17.981
18.119
18.231
18.344
18.459
18.595
18.71
18.821
18.935
19.048
19.16
19.294
19.432
19.532
19.644
19.755
19.869
19.978
20.092
20.204
20.338
20.456
20.569
20.683
20.82
20.932
21.044
21.16
21.274
21.407
21.521
21.632
21.765
21.907
22.022
22.132
22.242
22.355
22.488
22.602
22.713
22.827
22.939
23.051
23.181
23.306
23.42
23.528
23.642
23.773
23.887
24.019
24.119
24.228
24.361
24.461
24.597
24.706
24.836
24.952
25.068
25.181
25.309
25.425
25.537
25.693
25.804
25.917
26.03
26.166
26.296
26.432
26.545
26.652
26.765
26.876
26.988
27.102
27.211
27.325
27.44
27.569
27.678
27.808
27.925
28.038
28.152
28.264
28.398
28.541
28.656
28.769
28.885
28.995
29.13
29.245
29.362
29.497
29.61
29.72
29.83
29.94
30.052
30.212
30.334
30.466
30.582
30.693
30.813
30.925
31.061
31.175
31.29
31.424
31.541
31.683
31.797
31.909
32.018
32.166
32.283
32.392
32.5
32.61
32.74
32.85
32.984
33.099
33.248
33.37
33.481
33.594
33.7
33.854
33.993
34.106
34.219
34.33
34.444
34.555
34.689
34.803
34.939
35.053
35.166
35.293
35.43
35.545
35.652
35.762
35.917
36.038
36.151
36.268
36.378
36.491
36.604
36.716
36.833
36.943
37.058
37.191
37.303
37.414
37.527
37.658
37.77
37.879
37.973
38.112
38.229
38.342
38.475
38.584
38.719
38.83
38.946
39.061
39.173
39.321
39.435
39.548
39.66
39.795
39.908
40.017
40.13
40.241
40.385
40.504
40.619
40.732
40.867
40.982
41.096
41.211
41.324
41.458
41.569
41.68
