0.060352
0.21577
0.34823
0.43422
0.4935
0.53035
0.54477
0.55439
0.56507
0.57308
0.58056
0.58697
0.59444
0.60085
0.611
0.62756
0.64144
0.65907
0.6815
0.69966
0.7253
0.7536
0.79259
0.82998
0.87324
0.92184
0.99287
1.0559
1.1365
1.2284
1.332
1.4746
1.5991
1.7267
1.8934
2.045
2.1823
2.28
2.3901
2.4915
2.5855
2.6496
2.7116
2.7698
2.8077
2.8398
2.8643
2.891
2.9092
2.9268
2.9412
2.9557
2.9674
2.9797
2.992
3.0037
3.0198
3.0336
3.0406
3.0518
3.0668
3.0785
3.087
3.102
3.117
3.1303
3.1378
3.1485
3.1624
3.1746
3.188
3.2008
3.2174
3.2275
3.2446
3.2564
3.2713
3.2889
3.306
3.3258
3.3455
3.3717
3.3952
3.4166
3.4438
3.4812
3.5191
3.5533
3.595
3.6452
3.7146
3.784
3.8503
3.9304
4.0335
4.1397
4.2727
4.4004
4.5419
4.6786
4.8223
4.9195
5.0381
5.154
5.2539
5.3548
5.4242
5.4771
5.5246
5.5668
5.5994
5.6272
5.6528
5.672
5.6913
5.7052
5.7174
5.726
5.7377
5.7511
5.7602
5.7644
5.7725
5.7799
5.7853
5.7917
5.7928
5.8008
5.8018
5.8093
5.8088
5.8141
5.8125
5.813
5.8136
5.8093
5.8093
5.8082
5.8082
5.805
5.8008
5.796
5.7885
5.7783
5.7709
5.7666
5.7548
5.742
5.7297
5.7174
5.7025
5.6774
5.6571
5.6373
5.6133
5.5802
5.5503
5.5124
5.4728
5.4264
5.3735
5.2976
5.2154
5.1444
5.0493
4.9414
4.8234
4.6973
4.5537
4.4116
4.2524
4.1061
3.9881
3.8828
3.7867
3.6975
3.634
3.5805
3.5368
3.4892
3.455
3.4278
3.4032
3.3765
3.3557
3.3375
3.3242
3.3119
3.2985
3.2857
3.2718
3.2644
3.2526
3.2382
3.2248
3.2104
3.1997
3.1928
3.1826
3.1645
3.1527
3.1421
3.1314
3.1196
3.1068
3.0919
3.0812
3.0651
3.0518
3.0384
3.0203
3.0085
3.0091
2.9711
2.9455
2.922
2.9028
2.8804
2.8595
2.8243
2.7944
2.7495
2.7148
2.6742
2.6251
2.5722
2.5086
2.4333
2.3511
2.2496
2.1289
2.0066
1.864
1.7246
1.559
1.4191
1.2941
1.1729
1.0495
0.94908
0.86469
0.80915
0.76161
0.72476
0.69485
0.66227
0.63503
0.61367
0.59872
0.58643
0.57628
0.564
0.55492
0.54531
0.53676
0.52928
0.5202
0.51753
0.50845
0.50311
0.49724
0.4935
0.48869
0.48602
0.48175
0.47801
0.47214
0.47214
0.4732
0.47374
0.4732
0.47053
0.47748
0.48122
0.48068
0.48816
0.4903
0.49724
0.50205
0.51326
0.52181
0.53249
0.55225
0.55919
0.57041
0.59017
0.60459
0.62542
0.64839
0.67402
0.70714
0.73918
0.78084
0.82303
0.87057
0.92985
0.99715
1.0805
1.1595
1.2492
1.378
1.512
1.629
1.7646
1.9083
2.0493
2.178
2.2945
2.4002
2.4921
2.5711
2.6379
2.7062
2.7522
2.7917
2.8307
2.859
2.8809
2.9055
2.9204
2.9455
2.9599
2.9744
2.9888
3.0032
3.0144
3.0262
3.0427
3.0513
3.0657
3.0758
3.0876
3.0956
3.1079
3.126
3.1335
3.1442
3.1527
3.1661
3.1826
3.1949
3.2115
3.2216
3.2361
3.2478
3.266
3.2815
3.2975
3.3146
3.3333
