10.558
10.875
10.04
9.1897
8.4373
7.334
6.4153
6.1695
6.125
5.7808
5.6868
5.6794
5.6407
5.5628
5.1927
5.0842
4.7758
4.7242
4.6341
4.3889
4.3566
4.3085
4.271
4.0972
4.0381
4.0279
4.0406
3.9223
4.035
4.152
4.32
4.5489
4.5312
4.719
4.879
4.6725
4.4795
4.2937
4.3853
4.3214
4.1281
3.9341
3.965
3.9324
3.8133
3.9354
4.0154
4.2316
4.28
4.5066
4.6637
4.8959
5.0458
5.1006
5.3096
5.5272
5.6872
5.4177
5.3066
5.708
5.8974
6.0652
6.1926
6.2488
5.7552
5.5077
5.5295
5.7091
5.8552
5.8205
5.986
5.9436
5.8567
5.4543
5.358
5.3937
5.4557
5.4368
5.3153
5.2614
4.9351
4.7951
4.5588
4.5784
4.54
4.4836
4.2083
4.0034
4.0351
4.0118
3.9667
3.7856
3.7213
3.8395
4.029
4.2011
4.4261
4.4805
4.6602
4.7313
4.7879
4.678
4.8258
4.7154
4.5143
4.3711
4.1184
4.1303
4.2323
4.3168
4.3987
4.5575
4.6913
4.7909
5.0044
4.9721
5.249
5.4796
5.6579
5.659
5.3326
5.528
5.8206
5.7268
5.7653
6.1708
6.3296
6.4818
6.6024
6.7313
6.6983
6.7677
6.7084
6.7574
6.6767
6.5238
6.7932
6.2004
5.7069
5.8913
5.9827
5.9913
5.8925
5.2771
5.2592
5.2883
5.1304
5.0029
4.7481
4.6297
4.5459
4.3962
3.945
3.6959
3.5328
3.3048
2.9716
2.7004
2.437
2.1538
1.8297
1.4906
1.0889
0.65178
0.28558
-0.03775
-0.31114
-0.56391
-0.67615
-0.60147
-0.39153
-0.063222
0.26238
0.68338
1.13
1.5006
1.8381
2.177
2.506
2.818
3.034
3.3137
3.6004
3.8166
3.8664
4.0022
4.2703
4.5428
4.7419
4.754
4.89
5.0826
5.2843
5.3752
5.4849
5.4694
5.3957
5.4129
5.5084
5.6896
5.4913
5.5016
5.5555
5.5438
5.5015
5.4475
5.476
5.1265
5.0562
5.0137
4.9007
4.7668
4.7041
4.4699
4.2804
4.1561
3.7302
3.5757
3.4891
3.3264
3.0072
2.7773
2.3597
2.1254
1.8931
1.613
1.3003
0.96578
0.60469
0.24044
-0.063757
-0.3292
-0.5894
-0.65743
-0.57691
-0.30412
0.03275
0.37615
0.81939
1.3829
1.7472
2.0356
2.3681
2.6754
3.0193
3.3521
3.5407
3.803
3.9271
4.1955
4.5108
4.7805
5.0718
5.2953
5.2244
5.1069
5.1989
5.2112
5.517
5.7531
5.9638
5.8092
6.0103
6.2243
6.3279
6.1491
5.7231
5.9464
6.2714
6.5301
6.3364
5.929
6.1436
6.3809
6.547
6.5347
6.1719
6.1029
5.764
5.4722
5.0296
5.237
5.3152
5.402
5.0339
4.8847
4.5979
4.5912
4.5731
4.5321
4.4451
4.2557
4.1538
3.9789
3.9207
3.9161
3.8893
3.8701
3.8239
3.9981
4.2666
4.3291
4.2336
4.4548
4.6347
4.7028
4.6749
4.5771
4.4636
4.344
4.2782
4.2387
4.2356
4.1511
4.2375
4.358
4.3472
4.5121
4.7024
4.8675
5.1124
4.9942
5.1118
5.2409
5.3374
5.3921
5.4162
5.5984
5.6795
5.802
5.436
5.6343
5.83
6.0313
6.0355
5.8077
5.9318
6.0793
6.0321
5.9748
5.594
5.6342
5.6593
5.6355
5.4177
5.38
5.3108
5.3266
5.0668
4.9841
