4.792
5.4587
6.231
6.7946
6.9553
6.4736
5.9235
5.7943
5.8046
5.5133
5.429
5.4086
5.3273
5.1966
4.7408
4.5568
4.2036
4.0555
3.8691
3.5307
3.3327
3.1313
2.9097
2.5682
2.2617
1.9647
1.6336
1.2204
0.86185
0.50785
0.16883
-0.11011
-0.30219
-0.42961
-0.43788
-0.21438
0.061188
0.3749
0.75139
1.1987
1.5115
1.8045
2.1381
2.4185
2.6045
2.9078
3.1377
3.4563
3.6258
3.9122
4.1247
4.386
4.5638
4.6217
4.836
5.0582
5.217
4.9863
4.8947
5.2479
5.4289
5.627
5.754
5.7754
5.3106
5.091
5.124
5.2527
5.3764
5.3493
5.503
5.4558
5.353
4.9648
4.811
4.8468
4.8486
4.7877
4.6351
4.5298
4.1567
3.9482
3.6715
3.6021
3.4277
3.2438
2.8714
2.5212
2.3238
2.0543
1.7397
1.3258
0.92444
0.56159
0.24178
-0.027308
-0.30431
-0.52816
-0.62916
-0.55913
-0.35606
-0.032541
0.29334
0.72758
1.139
1.5305
1.8481
2.2261
2.6011
2.938
3.2481
3.5775
3.8544
4.088
4.3915
4.4538
4.7854
5.0605
5.2517
5.298
5.0374
5.2638
5.5439
5.4784
5.5459
5.9644
6.1544
6.2844
6.4665
6.5864
6.6251
6.6825
6.6863
6.7258
6.6668
6.5438
6.7943
6.2395
5.7819
6.0246
6.1493
6.1895
6.1271
5.5315
5.5177
5.5907
5.524
5.4301
5.2159
5.1624
5.1643
5.0997
4.6742
4.5228
4.4953
4.4085
4.1945
4.1181
4.0535
4.0283
3.9975
4.005
3.8993
3.8273
4.0418
4.2339
4.4561
4.6377
4.831
4.8842
4.8858
4.62
4.3142
4.2373
4.1982
4.0931
3.9698
4.0025
4.0729
4.1766
4.1476
4.266
4.4354
4.5509
4.4809
4.5392
4.749
5.0021
5.1924
5.188
5.3131
5.4845
5.7262
5.8187
5.9032
5.8715
5.7701
5.7971
5.9432
6.1453
5.8852
5.8995
5.9709
5.9803
5.952
5.9054
5.9235
5.6132
5.5368
5.5218
5.4458
5.3141
5.3254
5.2929
4.9787
4.8544
4.4693
4.4159
4.4327
4.4171
4.1755
4.1062
3.7975
3.8015
3.8373
3.8502
3.9022
3.9713
4.0536
4.2112
4.3901
4.5121
4.64
4.6858
4.7611
4.5508
4.4689
4.3597
4.2492
4.1591
4.0007
3.8458
3.9045
3.9656
4.118
4.2958
4.3023
4.4131
4.4239
4.6258
4.8954
5.137
5.3803
5.5819
5.4825
5.3444
5.4234
5.4028
5.7364
5.9303
6.1309
5.9549
6.1521
6.3439
6.4426
6.234
5.7763
5.9344
6.2511
6.5074
6.298
5.8543
5.9979
6.2639
6.4158
6.3306
5.9732
5.8399
5.4758
5.123
4.6701
4.8265
4.8594
4.9719
4.4897
4.2423
3.907
3.7795
3.663
3.5065
3.285
2.9701
2.6811
2.3233
2.0132
1.7085
1.3636
0.97113
0.5473
0.18364
-0.12582
-0.37113
-0.72772
-0.88212
-0.73748
-0.41352
-0.0024194
0.39615
0.79862
1.1914
1.5828
1.9407
2.2718
2.5493
2.8577
3.1664
3.348
3.6355
3.9041
4.1705
4.4427
4.4358
4.5788
4.7328
4.8546
4.9354
4.956
5.1388
5.2686
5.3628
5.0247
5.2084
5.4052
5.5683
5.5762
5.4131
5.4911
5.6217
5.5314
5.4759
5.1258
5.1488
5.1945
5.1212
4.8863
4.7955
4.7229
4.6986
4.3886
4.2481
