0.01205
0.03116
0.049578
0.06698
0.086504
0.10459
0.11818
0.13016
0.1439
0.15564
0.16644
0.17714
0.18776
0.20035
0.21049
0.22169
0.2305
0.23913
0.24856
0.25591
0.26281
0.26918
0.27616
0.28189
0.28683
0.2913
0.29605
0.29922
0.30196
0.3041
0.30558
0.30662
0.3068
0.30634
0.30492
0.30262
0.29952
0.29674
0.29307
0.28757
0.28107
0.27521
0.26805
0.2592
0.25195
0.24351
0.23594
0.22609
0.21751
0.20773
0.19823
0.18751
0.17539
0.16457
0.15355
0.14168
0.12584
0.11127
0.10087
0.08859
0.076177
0.063189
0.049395
0.031179
0.015114
0.0013214
-0.011321
-0.024011
-0.037969
-0.050114
-0.063804
-0.077696
-0.093992
-0.10765
-0.11953
-0.13107
-0.14287
-0.15519
-0.16652
-0.1801
-0.19152
-0.20333
-0.21219
-0.22135
-0.23011
-0.24068
-0.25021
-0.25689
-0.26376
-0.27048
-0.27795
-0.28404
-0.28852
-0.29217
-0.29545
-0.29827
-0.30099
-0.30272
-0.30387
-0.30434
-0.30415
-0.3035
-0.30213
-0.29978
-0.29666
-0.29201
-0.28768
-0.28305
-0.27753
-0.27125
-0.26483
-0.2575
-0.2493
-0.24147
-0.231
-0.2227
-0.21351
-0.20336
-0.19159
-0.17705
-0.16623
-0.15567
-0.14211
-0.12933
-0.11894
-0.10661
-0.093885
-0.081109
-0.068031
-0.054048
-0.040438
-0.026203
-0.012479
0.0019543
0.016768
0.028742
0.046265
0.062989
0.074776
0.087054
0.099642
0.11268
0.12922
0.14116
0.1522
0.16407
0.17551
0.18748
0.19782
0.20728
0.21675
0.22854
0.23779
0.24556
0.25331
0.26156
0.26832
0.27442
0.27984
0.28491
0.28934
0.29387
0.29769
0.29996
0.30185
0.30319
0.30405
0.30428
0.30385
0.30276
0.3006
0.29735
0.29414
0.2905
0.28559
0.27963
0.27379
0.2675
0.26071
0.25201
0.24405
0.23595
0.22667
0.21506
0.20431
0.19474
0.18502
0.17427
0.16135
0.14945
0.13782
0.1263
0.11342
0.10044
0.086283
0.071498
0.057614
0.044544
0.032078
0.01606
0.0021497
-0.011245
-0.025063
-0.03902
-0.052927
-0.065981
-0.08189
-0.0953
-0.10802
-0.121
-0.13398
-0.14559
-0.15782
-0.17081
-0.18208
-0.19579
-0.20595
-0.21483
-0.22372
-0.23423
-0.24272
-0.25315
-0.26011
-0.2663
-0.27235
-0.27784
-0.2829
-0.28759
-0.29158
-0.29497
-0.29805
-0.30061
-0.30246
-0.30351
-0.3039
-0.3035
-0.30235
-0.30058
-0.29838
-0.29467
-0.28981
-0.28518
-0.27981
-0.27443
-0.26855
-0.26063
-0.25304
-0.24385
-0.23578
-0.22777
-0.21899
-0.20991
-0.19997
-0.18731
-0.17409
-0.16231
-0.1496
-0.13905
-0.12748
-0.1156
-0.1009
-0.088639
-0.076267
-0.063082
-0.047814
-0.030824
-0.018139
-0.0063355
0.0058419
0.021047
0.037674
0.050045
0.061733
0.073806
0.087077
0.1023
0.11541
0.13004
0.14417
0.15894
0.16857
0.17869
0.18793
0.20084
0.21154
0.22273
0.23133
0.23938
0.2471
0.25474
0.26272
0.26959
0.27654
0.28214
0.28692
0.2914
0.29545
0.29908
0.30139
0.30304
0.30447
0.30534
0.30534
0.30481
0.30367
0.30182
0.29911
0.29566
0.29141
0.28665
0.28114
0.27498
0.26735
0.26029
0.25289
0.24344
0.23519
0.22652
0.21727
0.20807
0.19513
0.18393
0.17257
0.16062
0.14804
0.13484
0.12294
0.11016
0.097243
0.080171
0.067818
0.055432
0.042875
0.02881
0.013069
-8.9586e-05
-0.012827
-0.027208
-0.041329
-0.057935
-0.070916
-0.083605
-0.096752
-0.1112
-0.12387
-0.13624
-0.14759
-0.16121
-0.17275
-0.18308
