0.00036373
0.003019
0.0083552
0.015533
0.0253
0.035465
0.043563
0.050904
0.059513
0.067022
0.074045
0.081117
0.088237
0.096806
0.10383
0.11181
0.1183
0.12486
0.13234
0.13841
0.14437
0.15019
0.157
0.16303
0.16867
0.17427
0.18102
0.18624
0.19157
0.19679
0.20174
0.20793
0.21303
0.21796
0.22381
0.22927
0.2344
0.23798
0.24181
0.24645
0.25093
0.25431
0.25787
0.26162
0.26429
0.26707
0.26932
0.27198
0.2741
0.27632
0.27832
0.28042
0.28262
0.28446
0.28619
0.28791
0.28998
0.29166
0.29275
0.29392
0.29495
0.29584
0.29666
0.29752
0.29803
0.29828
0.29837
0.29836
0.29816
0.29784
0.29729
0.29656
0.29546
0.29435
0.29322
0.29196
0.29051
0.2888
0.28701
0.28462
0.28238
0.27977
0.27759
0.27511
0.27251
0.26899
0.26542
0.26264
0.25947
0.25598
0.25153
0.24729
0.2437
0.24031
0.23665
0.23275
0.22783
0.22344
0.21876
0.21418
0.20904
0.205
0.19997
0.19415
0.18833
0.1814
0.17602
0.17093
0.16544
0.15974
0.15433
0.14853
0.14238
0.13678
0.12959
0.12409
0.11818
0.1118
0.10456
0.095866
0.089561
0.083503
0.075832
0.068735
0.063051
0.056401
0.049598
0.042842
0.036002
0.028765
0.02178
0.014518
0.0075487
0.00020992
-0.0073127
-0.013421
-0.022408
-0.030996
-0.037057
-0.043396
-0.049954
-0.056821
-0.065662
-0.072183
-0.07834
-0.085047
-0.091637
-0.098727
-0.10503
-0.11095
-0.11707
-0.12502
-0.13156
-0.1373
-0.14329
-0.15005
-0.15596
-0.16166
-0.16713
-0.17272
-0.17811
-0.18441
-0.19072
-0.19523
-0.1999
-0.2045
-0.20952
-0.21422
-0.21907
-0.22373
-0.22914
-0.23465
-0.23874
-0.24244
-0.24652
-0.2506
-0.25398
-0.25714
-0.26015
-0.26353
-0.26627
-0.26877
-0.27138
-0.27432
-0.27678
-0.27877
-0.28063
-0.28255
-0.28468
-0.28648
-0.28809
-0.28955
-0.29107
-0.29242
-0.2937
-0.29482
-0.2957
-0.29642
-0.297
-0.29751
-0.29774
-0.29782
-0.29775
-0.29753
-0.29714
-0.29658
-0.29571
-0.29479
-0.29373
-0.29247
-0.29101
-0.28952
-0.28789
-0.28591
-0.28382
-0.28093
-0.27856
-0.27629
-0.27381
-0.27056
-0.26764
-0.26359
-0.26057
-0.25761
-0.25436
-0.25105
-0.24758
-0.24386
-0.24014
-0.23636
-0.23203
-0.2273
-0.22245
-0.21784
-0.21231
-0.20734
-0.20206
-0.19703
-0.19259
-0.18681
-0.1806
-0.17546
-0.1701
-0.16515
-0.1601
-0.15371
-0.14796
-0.14134
-0.13574
-0.13035
-0.12458
-0.11876
-0.11254
-0.10477
-0.096831
-0.089882
-0.082523
-0.076498
-0.069982
-0.063401
-0.055365
-0.048741
-0.042125
-0.035137
-0.027112
-0.01827
-0.011745
-0.0057175
0.00050912
0.0082993
0.016818
0.023131
0.029127
0.035403
0.042328
0.050339
0.057318
0.065193
0.072905
0.081119
0.086607
0.092494
0.098062
0.10608
0.11286
0.12019
0.12605
0.13173
0.13745
0.14339
0.14998
0.15604
0.16265
0.16844
0.17385
0.1795
0.18533
0.19148
0.19626
0.20056
0.206
0.21287
0.21769
0.22189
0.22608
0.23035
0.23484
0.23924
0.24357
0.24754
0.25139
0.25506
0.25893
0.26202
0.26489
0.26813
0.27065
0.27307
0.27541
0.27755
0.28029
0.28243
0.28444
0.28636
0.28821
0.28997
0.29142
0.2928
0.29402
0.29545
0.29632
0.29706
0.29769
0.29825
0.29864
0.2988
0.29883
0.29873
0.29848
0.29794
0.29732
0.29654
0.29555
0.29429
0.29301
0.29158
0.29007
0.28805
0.28613
0.28423
